RootBone: 65
BonesCount: 208
BoneName: mixamorig:Hips
BoneIndex: 0
BoneParentIndex: 65
BoneChildrenCount: 3
67
186
197
1.000000 0.000000 -0.000000 0.000000
0.000000 1.000000 -0.000000 0.000000
-0.000000 -0.000000 1.000000 -0.000000
0.000000 1.009327 -0.032069 1.000000
1.000000 0.000000 -0.000000 0.000000
0.000000 1.000000 -0.000000 0.000000
-0.000000 -0.000000 1.000000 -0.000000
0.000000 -1.009327 0.032069 1.000000
BoneName: mixamorig:Spine
BoneIndex: 1
BoneParentIndex: 69
BoneChildrenCount: 1
2
1.000000 0.000000 -0.000000 0.000000
0.000000 1.000000 -0.000000 0.000000
-0.000000 -0.000000 1.000000 -0.000000
0.000000 0.000000 -0.000000 1.000000
1.000000 0.000000 -0.000000 0.000000
0.000000 0.992331 -0.123608 0.000000
-0.000000 0.123608 0.992331 -0.000000
0.000000 -1.093010 0.156584 1.000000
BoneName: mixamorig:Spine1
BoneIndex: 2
BoneParentIndex: 1
BoneChildrenCount: 1
3
1.000000 0.000000 -0.000000 0.000000
0.000000 1.000000 -0.000000 0.000000
-0.000000 -0.000000 1.000000 -0.000000
0.000000 0.111285 -0.000000 1.000000
1.000000 0.000000 -0.000000 0.000000
0.000000 0.992331 -0.123608 0.000000
-0.000000 0.123608 0.992331 -0.000000
0.000000 -1.204295 0.156584 1.000000
BoneName: mixamorig:Spine2
BoneIndex: 3
BoneParentIndex: 2
BoneChildrenCount: 3
70
72
129
1.000000 0.000000 -0.000000 0.000000
0.000000 1.000000 -0.000000 0.000000
-0.000000 -0.000000 1.000000 -0.000000
0.000000 0.127183 0.000000 1.000000
1.000000 0.000000 -0.000000 0.000000
0.000000 0.992331 -0.123608 0.000000
-0.000000 0.123608 0.992331 -0.000000
0.000000 -1.331478 0.156584 1.000000
BoneName: mixamorig:Neck
BoneIndex: 4
BoneParentIndex: 71
BoneChildrenCount: 1
5
1.000000 0.000000 -0.000000 0.000000
0.000000 1.000000 -0.000000 0.000000
-0.000000 -0.000000 1.000000 -0.000000
0.000000 0.000000 -0.000000 1.000000
1.000000 0.000000 -0.000000 0.000000
0.000000 1.000000 -0.000000 0.000000
-0.000000 -0.000000 1.000000 -0.000000
0.000000 -1.482606 -0.026885 1.000000
BoneName: mixamorig:Head
BoneIndex: 5
BoneParentIndex: 4
BoneChildrenCount: 1
6
1.000000 0.000000 -0.000000 0.000000
0.000000 1.000000 -0.000000 0.000000
-0.000000 -0.000000 1.000000 -0.000000
0.000000 0.049409 -0.025000 1.000000
1.000000 0.000000 -0.000000 0.000000
0.000000 1.000000 -0.000000 0.000000
-0.000000 -0.000000 1.000000 -0.000000
0.000000 -1.532016 -0.001885 1.000000
BoneName: mixamorig:HeadTop_End
BoneIndex: 6
BoneParentIndex: 5
BoneChildrenCount: 0
1.000000 0.000000 -0.000000 0.000000
0.000000 1.000000 -0.000000 0.000000
-0.000000 -0.000000 1.000000 -0.000000
0.000000 0.226388 -0.114546 1.000000
1.000000 0.000000 -0.000000 0.000000
0.000000 1.000000 -0.000000 0.000000
-0.000000 -0.000000 1.000000 -0.000000
0.000000 -1.758403 0.112661 1.000000
BoneName: mixamorig:LeftShoulder
BoneIndex: 7
BoneParentIndex: 74
BoneChildrenCount: 1
75
1.000000 0.000000 -0.000000 0.000000
0.000000 1.000000 -0.000000 0.000000
-0.000000 -0.000000 1.000000 -0.000000
0.000000 0.000000 -0.000000 1.000000
-0.034190 0.967482 0.250617 0.000000
-0.123664 -0.252932 0.959548 0.000000
0.991735 0.001814 0.128290 -0.000000
0.156664 0.301729 -1.425940 1.000000
BoneName: mixamorig:LeftArm
BoneIndex: 8
BoneParentIndex: 77
BoneChildrenCount: 1
78
1.000000 0.000000 -0.000000 0.000000
0.000000 1.000000 -0.000000 0.000000
-0.000000 -0.000000 1.000000 -0.000000
0.000000 0.000000 -0.000000 1.000000
-0.056864 0.997839 0.032915 0.000000
-0.117700 -0.039438 0.992266 0.000000
0.991420 0.052550 0.119688 -0.000000
0.152986 -0.157436 -1.426076 1.000000
BoneName: mixamorig:LeftForeArm
BoneIndex: 9
BoneParentIndex: 80
BoneChildrenCount: 1
81
1.000000 0.000000 -0.000000 0.000000
0.000000 1.000000 -0.000000 0.000000
-0.000000 -0.000000 1.000000 -0.000000
0.000000 0.000000 -0.000000 1.000000
0.021748 0.999752 -0.004834 0.000000
-0.120436 0.007420 0.992693 0.000000
0.992483 -0.021007 0.120567 -0.000000
0.123913 -0.428311 -1.410911 1.000000
BoneName: mixamorig:LeftHand
BoneIndex: 10
BoneParentIndex: 83
BoneChildrenCount: 5
84
93
102
111
120
1.000000 0.000000 -0.000000 0.000000
0.000000 1.000000 -0.000000 0.000000
-0.000000 -0.000000 1.000000 -0.000000
0.000000 0.000000 -0.000000 1.000000
0.066872 0.997076 0.036973 0.000000
0.051623 -0.040464 0.997847 0.000000
0.996425 -0.064819 -0.054178 -0.000000
-0.151738 -0.627137 -1.441355 1.000000
BoneName: mixamorig:LeftHandThumb1
BoneIndex: 11
BoneParentIndex: 86
BoneChildrenCount: 1
87
1.000000 0.000000 -0.000000 0.000000
0.000000 1.000000 -0.000000 0.000000
-0.000000 -0.000000 1.000000 -0.000000
0.000000 0.000000 -0.000000 1.000000
0.566683 0.771624 0.288905 0.000000
0.023720 -0.365773 0.930402 0.000000
0.823594 -0.520390 -0.225580 -0.000000
-0.443745 -0.043544 -1.513488 1.000000
BoneName: mixamorig:LeftHandThumb2
BoneIndex: 12
BoneParentIndex: 89
BoneChildrenCount: 1
90
1.000000 0.000000 -0.000000 0.000000
0.000000 1.000000 -0.000000 0.000000
-0.000000 -0.000000 1.000000 -0.000000
0.000000 0.000000 -0.000000 1.000000
0.566683 0.719029 0.402327 0.000000
0.023720 -0.502333 0.864349 0.000000
0.823594 -0.480269 -0.301719 -0.000000
-0.438160 0.147485 -1.508541 1.000000
BoneName: mixamorig:LeftHandThumb3
BoneIndex: 13
BoneParentIndex: 92
BoneChildrenCount: 1
14
1.000000 0.000000 -0.000000 0.000000
0.000000 1.000000 -0.000000 0.000000
-0.000000 -0.000000 1.000000 -0.000000
0.000000 0.000000 -0.000000 1.000000
0.566683 0.785548 0.248566 0.000000
0.023720 -0.317110 0.948092 0.000000
0.823594 -0.531372 -0.198334 -0.000000
-0.438540 -0.191937 -1.500739 1.000000
BoneName: mixamorig:LeftHandThumb4
BoneIndex: 14
BoneParentIndex: 13
BoneChildrenCount: 0
1.000000 0.000000 -0.000000 0.000000
0.000000 1.000000 -0.000000 0.000000
-0.000000 -0.000000 1.000000 -0.000000
0.005205 0.023703 -0.000000 1.000000
0.566683 0.785548 0.248566 0.000000
0.023720 -0.317110 0.948092 0.000000
0.823594 -0.531372 -0.198334 -0.000000
-0.443745 -0.215640 -1.500739 1.000000
BoneName: mixamorig:LeftHandIndex1
BoneIndex: 15
BoneParentIndex: 95
BoneChildrenCount: 1
96
1.000000 0.000000 -0.000000 0.000000
0.000000 1.000000 -0.000000 0.000000
-0.000000 -0.000000 1.000000 -0.000000
0.000000 0.000000 -0.000000 1.000000
0.173752 0.959833 0.220298 0.000000
0.046970 -0.231523 0.971695 0.000000
0.983669 -0.158486 -0.085311 -0.000000
-0.194349 -0.437035 -1.551343 1.000000
BoneName: mixamorig:LeftHandIndex2
BoneIndex: 16
BoneParentIndex: 98
BoneChildrenCount: 1
99
1.000000 0.000000 -0.000000 0.000000
0.000000 1.000000 -0.000000 0.000000
-0.000000 -0.000000 1.000000 -0.000000
0.000000 0.000000 -0.000000 1.000000
0.173752 0.959994 0.219594 0.000000
0.046970 -0.230810 0.971864 0.000000
0.983669 -0.158549 -0.085195 -0.000000
-0.194370 -0.469748 -1.550999 1.000000
BoneName: mixamorig:LeftHandIndex3
BoneIndex: 17
BoneParentIndex: 101
BoneChildrenCount: 1
18
1.000000 0.000000 -0.000000 0.000000
0.000000 1.000000 -0.000000 0.000000
-0.000000 -0.000000 1.000000 -0.000000
0.000000 0.000000 -0.000000 1.000000
0.173752 0.945282 0.276137 0.000000
0.046970 -0.288038 0.956467 0.000000
0.983669 -0.153217 -0.094447 -0.000000
-0.194392 -0.407161 -1.577921 1.000000
BoneName: mixamorig:LeftHandIndex4
BoneIndex: 18
BoneParentIndex: 17
BoneChildrenCount: 0
1.000000 0.000000 -0.000000 0.000000
0.000000 1.000000 -0.000000 0.000000
-0.000000 -0.000000 1.000000 -0.000000
-0.000043 0.026092 0.000000 1.000000
0.173752 0.945282 0.276137 0.000000
0.046970 -0.288038 0.956467 0.000000
0.983669 -0.153217 -0.094447 -0.000000
-0.194349 -0.433253 -1.577921 1.000000
BoneName: mixamorig:LeftHandMiddle1
BoneIndex: 19
BoneParentIndex: 104
BoneChildrenCount: 1
105
1.000000 0.000000 -0.000000 0.000000
0.000000 1.000000 -0.000000 0.000000
-0.000000 -0.000000 1.000000 -0.000000
0.000000 0.000000 -0.000000 1.000000
0.038932 0.989264 0.140862 0.000000
0.052735 -0.142807 0.988345 0.000000
0.997849 -0.031050 -0.057729 -0.000000
-0.118884 -0.587901 -1.514014 1.000000
BoneName: mixamorig:LeftHandMiddle2
BoneIndex: 20
BoneParentIndex: 107
BoneChildrenCount: 1
108
1.000000 0.000000 -0.000000 0.000000
0.000000 1.000000 -0.000000 0.000000
-0.000000 -0.000000 1.000000 -0.000000
0.000000 0.000000 -0.000000 1.000000
0.038932 0.963727 0.264037 0.000000
0.052735 -0.265851 0.962571 0.000000
0.997849 -0.023551 -0.061173 -0.000000
-0.118922 -0.425223 -1.579959 1.000000
BoneName: mixamorig:LeftHandMiddle3
BoneIndex: 21
BoneParentIndex: 110
BoneChildrenCount: 1
22
1.000000 0.000000 -0.000000 0.000000
0.000000 1.000000 -0.000000 0.000000
-0.000000 -0.000000 1.000000 -0.000000
0.000000 0.000000 -0.000000 1.000000
0.038932 0.938505 0.343064 0.000000
0.052735 -0.344776 0.937203 0.000000
0.997849 -0.018396 -0.062915 -0.000000
-0.118915 -0.324428 -1.612425 1.000000
BoneName: mixamorig:LeftHandMiddle4
BoneIndex: 22
BoneParentIndex: 21
BoneChildrenCount: 0
1.000000 0.000000 -0.000000 0.000000
0.000000 1.000000 -0.000000 0.000000
-0.000000 -0.000000 1.000000 -0.000000
-0.000031 0.026989 -0.000000 1.000000
0.038932 0.938505 0.343064 0.000000
0.052735 -0.344776 0.937203 0.000000
0.997849 -0.018396 -0.062915 -0.000000
-0.118884 -0.351417 -1.612425 1.000000
BoneName: mixamorig:LeftHandRing1
BoneIndex: 23
BoneParentIndex: 113
BoneChildrenCount: 1
114
1.000000 0.000000 -0.000000 0.000000
0.000000 1.000000 -0.000000 0.000000
-0.000000 -0.000000 1.000000 -0.000000
0.000000 0.000000 -0.000000 1.000000
0.024970 0.976112 0.215829 0.000000
0.053275 -0.216889 0.974742 0.000000
0.998268 -0.012841 -0.057418 -0.000000
-0.133175 -0.473294 -1.554150 1.000000
BoneName: mixamorig:LeftHandRing2
BoneIndex: 24
BoneParentIndex: 116
BoneChildrenCount: 1
117
1.000000 0.000000 -0.000000 0.000000
0.000000 1.000000 -0.000000 0.000000
-0.000000 -0.000000 1.000000 -0.000000
0.000000 0.000000 -0.000000 1.000000
0.024970 0.952451 0.303666 0.000000
0.053275 -0.304597 0.950990 0.000000
0.998268 -0.007568 -0.058348 -0.000000
-0.133181 -0.357460 -1.593240 1.000000
BoneName: mixamorig:LeftHandRing3
BoneIndex: 25
BoneParentIndex: 119
BoneChildrenCount: 1
26
1.000000 0.000000 -0.000000 0.000000
0.000000 1.000000 -0.000000 0.000000
-0.000000 -0.000000 1.000000 -0.000000
0.000000 0.000000 -0.000000 1.000000
0.024970 0.980950 0.192649 0.000000
0.053275 -0.193741 0.979605 0.000000
0.998268 -0.014197 -0.057098 -0.000000
-0.133165 -0.564631 -1.538724 1.000000
BoneName: mixamorig:LeftHandRing4
BoneIndex: 26
BoneParentIndex: 25
BoneChildrenCount: 0
1.000000 0.000000 -0.000000 0.000000
0.000000 1.000000 -0.000000 0.000000
-0.000000 -0.000000 1.000000 -0.000000
0.000010 0.023258 0.000000 1.000000
0.024970 0.980950 0.192649 0.000000
0.053275 -0.193741 0.979605 0.000000
0.998268 -0.014197 -0.057098 -0.000000
-0.133175 -0.587889 -1.538724 1.000000
BoneName: mixamorig:LeftHandPinky1
BoneIndex: 27
BoneParentIndex: 122
BoneChildrenCount: 1
123
1.000000 0.000000 -0.000000 0.000000
0.000000 1.000000 -0.000000 0.000000
-0.000000 -0.000000 1.000000 -0.000000
0.000000 0.000000 -0.000000 1.000000
0.058353 0.962070 0.266488 0.000000
0.051966 -0.269509 0.961595 0.000000
0.996943 -0.042264 -0.065722 -0.000000
-0.180870 -0.386614 -1.574623 1.000000
BoneName: mixamorig:LeftHandPinky2
BoneIndex: 28
BoneParentIndex: 125
BoneChildrenCount: 1
126
1.000000 0.000000 -0.000000 0.000000
0.000000 1.000000 -0.000000 0.000000
-0.000000 -0.000000 1.000000 -0.000000
0.000000 0.000000 -0.000000 1.000000
0.058353 0.917667 0.393043 0.000000
0.051966 -0.395972 0.916791 0.000000
0.996943 -0.033073 -0.070794 -0.000000
-0.180891 -0.194516 -1.615274 1.000000
BoneName: mixamorig:LeftHandPinky3
BoneIndex: 29
BoneParentIndex: 128
BoneChildrenCount: 1
30
1.000000 0.000000 -0.000000 0.000000
0.000000 1.000000 -0.000000 0.000000
-0.000000 -0.000000 1.000000 -0.000000
0.000000 0.000000 -0.000000 1.000000
0.058353 0.982025 0.179502 0.000000
0.051966 -0.182552 0.981822 0.000000
0.996943 -0.047965 -0.061685 -0.000000
-0.180864 -0.566598 -1.527605 1.000000
BoneName: mixamorig:LeftHandPinky4
BoneIndex: 30
BoneParentIndex: 29
BoneChildrenCount: 0
1.000000 0.000000 -0.000000 0.000000
0.000000 1.000000 -0.000000 0.000000
-0.000000 -0.000000 1.000000 -0.000000
0.000006 0.013525 -0.000000 1.000000
0.058353 0.982025 0.179502 0.000000
0.051966 -0.182552 0.981822 0.000000
0.996943 -0.047965 -0.061685 -0.000000
-0.180870 -0.580123 -1.527605 1.000000
BoneName: mixamorig:RightShoulder
BoneIndex: 31
BoneParentIndex: 131
BoneChildrenCount: 1
132
1.000000 0.000000 -0.000000 0.000000
0.000000 1.000000 -0.000000 0.000000
-0.000000 -0.000000 1.000000 -0.000000
0.000000 0.000000 -0.000000 1.000000
-0.030473 -0.967482 -0.251096 0.000000
0.123675 -0.252932 0.959547 0.000000
-0.991855 -0.001814 0.127361 -0.000000
-0.156677 0.301827 -1.425913 1.000000
BoneName: mixamorig:RightArm
BoneIndex: 32
BoneParentIndex: 134
BoneChildrenCount: 1
135
1.000000 0.000000 -0.000000 0.000000
0.000000 1.000000 -0.000000 0.000000
-0.000000 -0.000000 1.000000 -0.000000
0.000000 0.000000 -0.000000 1.000000
-0.118177 -0.992618 -0.027259 0.000000
0.100202 -0.039232 0.994193 0.000000
-0.987924 0.114760 0.104099 -0.000000
-0.141948 -0.158226 -1.427114 1.000000
BoneName: mixamorig:RightForeArm
BoneIndex: 33
BoneParentIndex: 137
BoneChildrenCount: 1
138
1.000000 0.000000 -0.000000 0.000000
0.000000 1.000000 -0.000000 0.000000
-0.000000 -0.000000 1.000000 -0.000000
0.000000 0.000000 -0.000000 1.000000
0.069441 -0.997586 0.000041 0.000000
0.105769 0.007404 0.994363 0.000000
-0.991963 -0.069045 0.106028 -0.000000
-0.071089 -0.424709 -1.416022 1.000000
BoneName: mixamorig:RightHand
BoneIndex: 34
BoneParentIndex: 140
BoneChildrenCount: 5
141
150
159
168
177
1.000000 0.000000 -0.000000 0.000000
0.000000 1.000000 -0.000000 0.000000
-0.000000 -0.000000 1.000000 -0.000000
0.000000 0.000000 -0.000000 1.000000
0.065594 -0.997143 -0.037464 0.000000
-0.056142 -0.041173 0.997574 0.000000
-0.996266 -0.063332 -0.058682 -0.000000
0.156426 -0.626277 -1.441208 1.000000
BoneName: mixamorig:RightHandThumb1
BoneIndex: 35
BoneParentIndex: 143
BoneChildrenCount: 1
144
1.000000 0.000000 -0.000000 0.000000
0.000000 1.000000 -0.000000 0.000000
-0.000000 -0.000000 1.000000 -0.000000
0.000000 0.000000 -0.000000 1.000000
0.566550 -0.775156 -0.279562 0.000000
-0.027170 -0.356651 0.933843 0.000000
-0.823579 -0.521473 -0.223122 -0.000000
0.448302 -0.056004 -1.512211 1.000000
BoneName: mixamorig:RightHandThumb2
BoneIndex: 36
BoneParentIndex: 146
BoneChildrenCount: 1
147
1.000000 0.000000 -0.000000 0.000000
0.000000 1.000000 -0.000000 0.000000
-0.000000 -0.000000 1.000000 -0.000000
0.000000 0.000000 -0.000000 1.000000
0.566550 -0.712587 -0.413813 0.000000
-0.027170 -0.518065 0.854910 0.000000
-0.823579 -0.473106 -0.312871 -0.000000
0.443073 0.179960 -1.504296 1.000000
BoneName: mixamorig:RightHandThumb3
BoneIndex: 37
BoneParentIndex: 149
BoneChildrenCount: 1
38
1.000000 0.000000 -0.000000 0.000000
0.000000 1.000000 -0.000000 0.000000
-0.000000 -0.000000 1.000000 -0.000000
0.000000 0.000000 -0.000000 1.000000
0.566550 -0.720489 -0.399896 0.000000
-0.027170 -0.501364 0.864810 0.000000
-0.823579 -0.479093 -0.303624 -0.000000
0.443009 0.116796 -1.506848 1.000000
BoneName: mixamorig:RightHandThumb4
BoneIndex: 38
BoneParentIndex: 37
BoneChildrenCount: 0
1.000000 0.000000 -0.000000 0.000000
0.000000 1.000000 -0.000000 0.000000
-0.000000 -0.000000 1.000000 -0.000000
-0.005293 0.028123 -0.000000 1.000000
0.566550 -0.720489 -0.399896 0.000000
-0.027170 -0.501364 0.864810 0.000000
-0.823579 -0.479093 -0.303624 -0.000000
0.448302 0.088673 -1.506848 1.000000
BoneName: mixamorig:RightHandIndex1
BoneIndex: 39
BoneParentIndex: 152
BoneChildrenCount: 1
153
1.000000 0.000000 -0.000000 0.000000
0.000000 1.000000 -0.000000 0.000000
-0.000000 -0.000000 1.000000 -0.000000
0.000000 0.000000 -0.000000 1.000000
0.173756 -0.956350 -0.234956 0.000000
-0.051326 -0.247056 0.967641 0.000000
-0.983450 -0.156074 -0.092013 -0.000000
0.199979 -0.415919 -1.557811 1.000000
BoneName: mixamorig:RightHandIndex2
BoneIndex: 40
BoneParentIndex: 155
BoneChildrenCount: 1
156
1.000000 0.000000 -0.000000 0.000000
0.000000 1.000000 -0.000000 0.000000
-0.000000 -0.000000 1.000000 -0.000000
0.000000 0.000000 -0.000000 1.000000
0.173756 -0.959458 -0.221923 0.000000
-0.051326 -0.233868 0.970913 0.000000
-0.983450 -0.157311 -0.089881 -0.000000
0.199968 -0.468354 -1.551583 1.000000
BoneName: mixamorig:RightHandIndex3
BoneIndex: 41
BoneParentIndex: 158
BoneChildrenCount: 1
42
1.000000 0.000000 -0.000000 0.000000
0.000000 1.000000 -0.000000 0.000000
-0.000000 -0.000000 1.000000 -0.000000
0.000000 0.000000 -0.000000 1.000000
0.173756 -0.957867 -0.228691 0.000000
-0.051326 -0.240717 0.969237 0.000000
-0.983450 -0.156673 -0.090989 -0.000000
0.199978 -0.486017 -1.555053 1.000000
BoneName: mixamorig:RightHandIndex4
BoneIndex: 42
BoneParentIndex: 41
BoneChildrenCount: 0
1.000000 0.000000 -0.000000 0.000000
0.000000 1.000000 -0.000000 0.000000
-0.000000 -0.000000 1.000000 -0.000000
-0.000000 0.024896 0.000000 1.000000
0.173756 -0.957867 -0.228691 0.000000
-0.051326 -0.240717 0.969237 0.000000
-0.983450 -0.156673 -0.090989 -0.000000
0.199979 -0.510913 -1.555053 1.000000
BoneName: mixamorig:RightHandMiddle1
BoneIndex: 43
BoneParentIndex: 161
BoneChildrenCount: 1
162
1.000000 0.000000 -0.000000 0.000000
0.000000 1.000000 -0.000000 0.000000
-0.000000 -0.000000 1.000000 -0.000000
0.000000 0.000000 -0.000000 1.000000
0.034072 -0.984579 -0.171588 0.000000
-0.057414 -0.173332 0.983188 0.000000
-0.997769 -0.023648 -0.062435 -0.000000
0.121685 -0.540889 -1.531784 1.000000
BoneName: mixamorig:RightHandMiddle2
BoneIndex: 44
BoneParentIndex: 164
BoneChildrenCount: 1
165
1.000000 0.000000 -0.000000 0.000000
0.000000 1.000000 -0.000000 0.000000
-0.000000 -0.000000 1.000000 -0.000000
0.000000 0.000000 -0.000000 1.000000
0.034072 -0.963311 -0.266216 0.000000
-0.057414 -0.267818 0.961757 0.000000
-0.997769 -0.017485 -0.064433 -0.000000
0.121735 -0.422842 -1.580212 1.000000
BoneName: mixamorig:RightHandMiddle3
BoneIndex: 45
BoneParentIndex: 167
BoneChildrenCount: 1
46
1.000000 0.000000 -0.000000 0.000000
0.000000 1.000000 -0.000000 0.000000
-0.000000 -0.000000 1.000000 -0.000000
0.000000 0.000000 -0.000000 1.000000
0.034072 -0.967043 -0.252323 0.000000
-0.057414 -0.253946 0.965513 0.000000
-0.997769 -0.018410 -0.064174 -0.000000
0.121702 -0.477630 -1.573500 1.000000
BoneName: mixamorig:RightHandMiddle4
BoneIndex: 46
BoneParentIndex: 45
BoneChildrenCount: 0
1.000000 0.000000 -0.000000 0.000000
0.000000 1.000000 -0.000000 0.000000
-0.000000 -0.000000 1.000000 -0.000000
0.000017 0.027414 0.000000 1.000000
0.034072 -0.967043 -0.252323 0.000000
-0.057414 -0.253946 0.965513 0.000000
-0.997769 -0.018410 -0.064174 -0.000000
0.121685 -0.505044 -1.573500 1.000000
BoneName: mixamorig:RightHandRing1
BoneIndex: 47
BoneParentIndex: 170
BoneChildrenCount: 1
171
1.000000 0.000000 -0.000000 0.000000
0.000000 1.000000 -0.000000 0.000000
-0.000000 -0.000000 1.000000 -0.000000
0.000000 0.000000 -0.000000 1.000000
0.013966 -0.966475 -0.256381 0.000000
-0.058195 -0.256757 0.964722 0.000000
-0.998208 0.001447 -0.059830 -0.000000
0.130988 -0.410943 -1.573656 1.000000
BoneName: mixamorig:RightHandRing2
BoneIndex: 48
BoneParentIndex: 173
BoneChildrenCount: 1
174
1.000000 0.000000 -0.000000 0.000000
0.000000 1.000000 -0.000000 0.000000
-0.000000 -0.000000 1.000000 -0.000000
0.000000 0.000000 -0.000000 1.000000
0.013966 -0.950417 -0.310665 0.000000
-0.058195 -0.310941 0.948646 0.000000
-0.998208 0.004830 -0.059652 -0.000000
0.130951 -0.348554 -1.595939 1.000000
BoneName: mixamorig:RightHandRing3
BoneIndex: 49
BoneParentIndex: 176
BoneChildrenCount: 1
50
1.000000 0.000000 -0.000000 0.000000
0.000000 1.000000 -0.000000 0.000000
-0.000000 -0.000000 1.000000 -0.000000
0.000000 0.000000 -0.000000 1.000000
0.013966 -0.999552 0.026466 0.000000
-0.058195 0.025611 0.997977 0.000000
-0.998208 -0.015478 -0.057811 -0.000000
0.130876 -0.889907 -1.377093 1.000000
BoneName: mixamorig:RightHandRing4
BoneIndex: 50
BoneParentIndex: 49
BoneChildrenCount: 0
1.000000 0.000000 -0.000000 0.000000
0.000000 1.000000 -0.000000 0.000000
-0.000000 -0.000000 1.000000 -0.000000
-0.000112 0.023224 -0.000000 1.000000
0.013966 -0.999552 0.026466 0.000000
-0.058195 0.025611 0.997977 0.000000
-0.998208 -0.015478 -0.057811 -0.000000
0.130988 -0.913131 -1.377093 1.000000
BoneName: mixamorig:RightHandPinky1
BoneIndex: 51
BoneParentIndex: 179
BoneChildrenCount: 1
180
1.000000 0.000000 -0.000000 0.000000
0.000000 1.000000 -0.000000 0.000000
-0.000000 -0.000000 1.000000 -0.000000
0.000000 0.000000 -0.000000 1.000000
0.015720 -0.967701 -0.251611 0.000000
-0.058128 -0.252101 0.965954 0.000000
-0.998185 -0.000559 -0.060213 -0.000000
0.153906 -0.417679 -1.568497 1.000000
BoneName: mixamorig:RightHandPinky2
BoneIndex: 52
BoneParentIndex: 182
BoneChildrenCount: 1
183
1.000000 0.000000 -0.000000 0.000000
0.000000 1.000000 -0.000000 0.000000
-0.000000 -0.000000 1.000000 -0.000000
0.000000 0.000000 -0.000000 1.000000
0.015720 -0.927887 -0.372531 0.000000
-0.058128 -0.372795 0.926091 0.000000
-0.998185 0.007097 -0.059796 -0.000000
0.154004 -0.237765 -1.611773 1.000000
BoneName: mixamorig:RightHandPinky3
BoneIndex: 53
BoneParentIndex: 185
BoneChildrenCount: 1
54
1.000000 0.000000 -0.000000 0.000000
0.000000 1.000000 -0.000000 0.000000
-0.000000 -0.000000 1.000000 -0.000000
0.000000 0.000000 -0.000000 1.000000
0.015720 -0.921273 -0.388598 0.000000
-0.058128 -0.388831 0.919474 0.000000
-0.998185 0.008135 -0.059664 -0.000000
0.153985 -0.228516 -1.615987 1.000000
BoneName: mixamorig:RightHandPinky4
BoneIndex: 54
BoneParentIndex: 53
BoneChildrenCount: 0
1.000000 0.000000 -0.000000 0.000000
0.000000 1.000000 -0.000000 0.000000
-0.000000 -0.000000 1.000000 -0.000000
0.000078 0.014415 -0.000000 1.000000
0.015720 -0.921273 -0.388598 0.000000
-0.058128 -0.388831 0.919474 0.000000
-0.998185 0.008135 -0.059664 -0.000000
0.153906 -0.242931 -1.615987 1.000000
BoneName: mixamorig:LeftUpLeg
BoneIndex: 55
BoneParentIndex: 188
BoneChildrenCount: 1
189
1.000000 0.000000 -0.000000 0.000000
0.000000 1.000000 -0.000000 0.000000
-0.000000 -0.000000 1.000000 -0.000000
0.000000 0.000000 -0.000000 1.000000
-0.997895 0.064848 -0.000000 0.000000
-0.064814 -0.997377 0.032223 0.000000
0.002090 0.032155 0.999481 -0.000000
0.160169 0.948604 -0.004799 1.000000
BoneName: mixamorig:LeftLeg
BoneIndex: 56
BoneParentIndex: 191
BoneChildrenCount: 1
192
1.000000 0.000000 -0.000000 0.000000
0.000000 1.000000 -0.000000 0.000000
-0.000000 -0.000000 1.000000 -0.000000
0.000000 0.000000 -0.000000 1.000000
-0.997998 0.063131 -0.003747 0.000000
-0.063210 -0.993819 0.091264 0.000000
0.002038 0.091318 0.995820 -0.000000
0.159291 0.544350 -0.037115 1.000000
BoneName: mixamorig:LeftFoot
BoneIndex: 57
BoneParentIndex: 194
BoneChildrenCount: 1
195
1.000000 0.000000 -0.000000 0.000000
0.000000 1.000000 -0.000000 0.000000
-0.000000 -0.000000 1.000000 -0.000000
0.000000 0.000000 -0.000000 1.000000
-0.996231 0.084946 0.017568 0.000000
-0.068209 -0.642003 -0.763662 0.000000
-0.053591 -0.761981 0.645378 -0.000000
0.161116 0.084824 0.071992 1.000000
BoneName: mixamorig:LeftToeBase
BoneIndex: 58
BoneParentIndex: 196
BoneChildrenCount: 1
59
1.000000 0.000000 -0.000000 0.000000
0.000000 1.000000 -0.000000 0.000000
-0.000000 -0.000000 1.000000 -0.000000
0.000000 0.000000 -0.000000 1.000000
-0.991623 0.127475 -0.020819 0.000000
0.020208 -0.006080 -0.999777 0.000000
-0.127573 -0.991823 0.003453 -0.000000
0.151751 -0.123510 0.014717 1.000000
BoneName: mixamorig:LeftToe_End
BoneIndex: 59
BoneParentIndex: 58
BoneChildrenCount: 0
1.000000 0.000000 -0.000000 0.000000
0.000000 1.000000 -0.000000 0.000000
-0.000000 -0.000000 1.000000 -0.000000
-0.000000 0.063174 -0.000000 1.000000
-0.991623 0.127475 -0.020819 0.000000
0.020208 -0.006080 -0.999777 0.000000
-0.127573 -0.991823 0.003453 -0.000000
0.151751 -0.186684 0.014717 1.000000
BoneName: mixamorig:RightUpLeg
BoneIndex: 60
BoneParentIndex: 199
BoneChildrenCount: 1
200
1.000000 0.000000 -0.000000 0.000000
0.000000 1.000000 -0.000000 0.000000
-0.000000 -0.000000 1.000000 -0.000000
0.000000 0.000000 -0.000000 1.000000
-0.997897 -0.064823 -0.000000 0.000000
0.064764 -0.996993 0.042553 0.000000
-0.002758 0.042464 0.999094 -0.000000
-0.160150 0.948689 -0.010441 1.000000
BoneName: mixamorig:RightLeg
BoneIndex: 61
BoneParentIndex: 202
BoneChildrenCount: 1
203
1.000000 0.000000 -0.000000 0.000000
0.000000 1.000000 -0.000000 0.000000
-0.000000 -0.000000 1.000000 -0.000000
0.000000 0.000000 -0.000000 1.000000
-0.998001 -0.063120 0.003217 0.000000
0.063145 -0.993639 0.093244 0.000000
-0.002689 0.093261 0.995638 -0.000000
-0.159264 0.544285 -0.038191 1.000000
BoneName: mixamorig:RightFoot
BoneIndex: 62
BoneParentIndex: 205
BoneChildrenCount: 1
206
1.000000 0.000000 -0.000000 0.000000
0.000000 1.000000 -0.000000 0.000000
-0.000000 -0.000000 1.000000 -0.000000
0.000000 0.000000 -0.000000 1.000000
-0.996126 -0.086596 -0.015298 0.000000
0.068459 -0.654467 -0.752985 0.000000
0.055194 -0.751115 0.657860 -0.000000
-0.161215 0.086357 0.070213 1.000000
BoneName: mixamorig:RightToeBase
BoneIndex: 63
BoneParentIndex: 207
BoneChildrenCount: 1
64
1.000000 0.000000 -0.000000 0.000000
0.000000 1.000000 -0.000000 0.000000
-0.000000 -0.000000 1.000000 -0.000000
0.000000 0.000000 -0.000000 1.000000
-0.991205 -0.130846 0.019777 0.000000
-0.019127 -0.006220 -0.999798 0.000000
0.130943 -0.991383 0.003663 -0.000000
-0.152008 -0.119005 0.014549 1.000000
BoneName: mixamorig:RightToe_End
BoneIndex: 64
BoneParentIndex: 63
BoneChildrenCount: 0
1.000000 0.000000 -0.000000 0.000000
0.000000 1.000000 -0.000000 0.000000
-0.000000 -0.000000 1.000000 -0.000000
0.000000 0.061546 -0.000000 1.000000
-0.991205 -0.130846 0.019777 0.000000
-0.019127 -0.006220 -0.999798 0.000000
0.130943 -0.991383 0.003663 -0.000000
-0.152008 -0.180551 0.014549 1.000000
BoneName: RootNode
BoneIndex: 65
BoneParentIndex: -1
BoneChildrenCount: 2
66
0
1.000000 0.000000 -0.000000 0.000000
0.000000 1.000000 -0.000000 0.000000
-0.000000 -0.000000 1.000000 -0.000000
0.000000 0.000000 -0.000000 1.000000
1.000000 0.000000 0.000000 0.000000
0.000000 1.000000 0.000000 0.000000
0.000000 0.000000 1.000000 0.000000
0.000000 0.000000 0.000000 1.000000
BoneName: Ch35
BoneIndex: 66
BoneParentIndex: 65
BoneChildrenCount: 0
1.000000 0.000000 -0.000000 0.000000
0.000000 1.000000 -0.000000 0.000000
-0.000000 -0.000000 1.000000 -0.000000
0.000000 0.000000 -0.000000 1.000000
1.000000 0.000000 0.000000 0.000000
0.000000 1.000000 0.000000 0.000000
0.000000 0.000000 1.000000 0.000000
0.000000 0.000000 0.000000 1.000000
BoneName: mixamorig:Spine_$AssimpFbx$_Translation
BoneIndex: 67
BoneParentIndex: 0
BoneChildrenCount: 1
68
1.000000 0.000000 -0.000000 0.000000
0.000000 1.000000 -0.000000 0.000000
-0.000000 -0.000000 1.000000 -0.000000
0.000000 0.094656 0.011791 1.000000
1.000000 0.000000 0.000000 0.000000
0.000000 1.000000 0.000000 0.000000
0.000000 0.000000 1.000000 0.000000
0.000000 0.000000 0.000000 1.000000
BoneName: mixamorig:Spine_$AssimpFbx$_PreRotation
BoneIndex: 68
BoneParentIndex: 67
BoneChildrenCount: 1
69
1.000000 0.000000 -0.000000 0.000000
0.000000 0.992331 0.123608 0.000000
-0.000000 -0.123608 0.992331 -0.000000
0.000000 0.000000 -0.000000 1.000000
1.000000 0.000000 0.000000 0.000000
0.000000 1.000000 0.000000 0.000000
0.000000 0.000000 1.000000 0.000000
0.000000 0.000000 0.000000 1.000000
BoneName: mixamorig:Spine_$AssimpFbx$_Rotation
BoneIndex: 69
BoneParentIndex: 68
BoneChildrenCount: 1
1
1.000000 0.000000 -0.000000 0.000000
0.000000 1.000000 -0.000000 0.000000
-0.000000 -0.000000 1.000000 -0.000000
0.000000 0.000000 -0.000000 1.000000
1.000000 0.000000 0.000000 0.000000
0.000000 1.000000 0.000000 0.000000
0.000000 0.000000 1.000000 0.000000
0.000000 0.000000 0.000000 1.000000
BoneName: mixamorig:Neck_$AssimpFbx$_Translation
BoneIndex: 70
BoneParentIndex: 3
BoneChildrenCount: 1
71
1.000000 0.000000 -0.000000 0.000000
0.000000 1.000000 -0.000000 0.000000
-0.000000 -0.000000 1.000000 -0.000000
0.000000 0.143081 0.000000 1.000000
1.000000 0.000000 0.000000 0.000000
0.000000 1.000000 0.000000 0.000000
0.000000 0.000000 1.000000 0.000000
0.000000 0.000000 0.000000 1.000000
BoneName: mixamorig:Neck_$AssimpFbx$_PreRotation
BoneIndex: 71
BoneParentIndex: 70
BoneChildrenCount: 1
4
1.000000 0.000000 -0.000000 0.000000
0.000000 0.992331 -0.123608 0.000000
-0.000000 0.123608 0.992331 -0.000000
0.000000 0.000000 -0.000000 1.000000
1.000000 0.000000 0.000000 0.000000
0.000000 1.000000 0.000000 0.000000
0.000000 0.000000 1.000000 0.000000
0.000000 0.000000 0.000000 1.000000
BoneName: mixamorig:LeftShoulder_$AssimpFbx$_Translation
BoneIndex: 72
BoneParentIndex: 3
BoneChildrenCount: 1
73
1.000000 0.000000 -0.000000 0.000000
0.000000 1.000000 -0.000000 0.000000
-0.000000 -0.000000 1.000000 -0.000000
0.070804 0.124583 0.002438 1.000000
1.000000 0.000000 0.000000 0.000000
0.000000 1.000000 0.000000 0.000000
0.000000 0.000000 1.000000 0.000000
0.000000 0.000000 0.000000 1.000000
BoneName: mixamorig:LeftShoulder_$AssimpFbx$_PreRotation
BoneIndex: 73
BoneParentIndex: 72
BoneChildrenCount: 1
74
-0.034190 -0.000129 0.999415 0.000000
0.967482 -0.250768 0.033065 0.000000
0.250617 0.968047 0.008699 -0.000000
0.000000 0.000000 -0.000000 1.000000
1.000000 0.000000 0.000000 0.000000
0.000000 1.000000 0.000000 0.000000
0.000000 0.000000 1.000000 0.000000
0.000000 0.000000 0.000000 1.000000
BoneName: mixamorig:LeftShoulder_$AssimpFbx$_Rotation
BoneIndex: 74
BoneParentIndex: 73
BoneChildrenCount: 1
7
1.000000 0.000000 -0.000000 0.000000
0.000000 1.000000 -0.000000 0.000000
-0.000000 -0.000000 1.000000 -0.000000
0.000000 0.000000 -0.000000 1.000000
1.000000 0.000000 0.000000 0.000000
0.000000 1.000000 0.000000 0.000000
0.000000 0.000000 1.000000 0.000000
0.000000 0.000000 0.000000 1.000000
BoneName: mixamorig:LeftArm_$AssimpFbx$_Translation
BoneIndex: 75
BoneParentIndex: 7
BoneChildrenCount: 1
76
1.000000 0.000000 -0.000000 0.000000
0.000000 1.000000 -0.000000 0.000000
-0.000000 -0.000000 1.000000 -0.000000
-0.000000 0.146701 0.000000 1.000000
1.000000 0.000000 0.000000 0.000000
0.000000 1.000000 0.000000 0.000000
0.000000 0.000000 1.000000 0.000000
0.000000 0.000000 0.000000 1.000000
BoneName: mixamorig:LeftArm_$AssimpFbx$_PreRotation
BoneIndex: 76
BoneParentIndex: 75
BoneChildrenCount: 1
77
0.999725 -0.023446 -0.000000 0.000000
0.022877 0.975462 0.218974 0.000000
-0.005134 -0.218914 0.975731 -0.000000
0.000000 0.000000 -0.000000 1.000000
1.000000 0.000000 0.000000 0.000000
0.000000 1.000000 0.000000 0.000000
0.000000 0.000000 1.000000 0.000000
0.000000 0.000000 0.000000 1.000000
BoneName: mixamorig:LeftArm_$AssimpFbx$_Rotation
BoneIndex: 77
BoneParentIndex: 76
BoneChildrenCount: 1
8
1.000000 0.000000 -0.000000 0.000000
0.000000 1.000000 -0.000000 0.000000
-0.000000 -0.000000 1.000000 -0.000000
0.000000 0.000000 -0.000000 1.000000
1.000000 0.000000 0.000000 0.000000
0.000000 1.000000 0.000000 0.000000
0.000000 0.000000 1.000000 0.000000
0.000000 0.000000 0.000000 1.000000
BoneName: mixamorig:LeftForeArm_$AssimpFbx$_Translation
BoneIndex: 78
BoneParentIndex: 8
BoneChildrenCount: 1
79
1.000000 0.000000 -0.000000 0.000000
0.000000 1.000000 -0.000000 0.000000
-0.000000 -0.000000 1.000000 -0.000000
0.000000 0.206401 0.000000 1.000000
1.000000 0.000000 0.000000 0.000000
0.000000 1.000000 0.000000 0.000000
0.000000 0.000000 1.000000 0.000000
0.000000 0.000000 0.000000 1.000000
BoneName: mixamorig:LeftForeArm_$AssimpFbx$_PreRotation
BoneIndex: 79
BoneParentIndex: 78
BoneChildrenCount: 1
80
0.996906 0.078606 0.000000 0.000000
-0.078550 0.996195 0.037755 0.000000
0.002968 -0.037638 0.999287 -0.000000
0.000000 0.000000 -0.000000 1.000000
1.000000 0.000000 0.000000 0.000000
0.000000 1.000000 0.000000 0.000000
0.000000 0.000000 1.000000 0.000000
0.000000 0.000000 0.000000 1.000000
BoneName: mixamorig:LeftForeArm_$AssimpFbx$_Rotation
BoneIndex: 80
BoneParentIndex: 79
BoneChildrenCount: 1
9
1.000000 0.000000 -0.000000 0.000000
0.000000 1.000000 -0.000000 0.000000
-0.000000 -0.000000 1.000000 -0.000000
0.000000 0.000000 -0.000000 1.000000
1.000000 0.000000 0.000000 0.000000
0.000000 1.000000 0.000000 0.000000
0.000000 0.000000 1.000000 0.000000
0.000000 0.000000 0.000000 1.000000
BoneName: mixamorig:LeftHand_$AssimpFbx$_Translation
BoneIndex: 81
BoneParentIndex: 9
BoneChildrenCount: 1
82
1.000000 0.000000 -0.000000 0.000000
0.000000 1.000000 -0.000000 0.000000
-0.000000 -0.000000 1.000000 -0.000000
-0.000000 0.270119 0.000000 1.000000
1.000000 0.000000 0.000000 0.000000
0.000000 1.000000 0.000000 0.000000
0.000000 0.000000 1.000000 0.000000
0.000000 0.000000 0.000000 1.000000
BoneName: mixamorig:LeftHand_$AssimpFbx$_PreRotation
BoneIndex: 82
BoneParentIndex: 81
BoneChildrenCount: 1
83
0.984172 0.046306 0.171059 0.000000
-0.037774 0.997890 -0.052803 0.000000
-0.173143 0.045506 0.983845 -0.000000
0.000000 0.000000 -0.000000 1.000000
1.000000 0.000000 0.000000 0.000000
0.000000 1.000000 0.000000 0.000000
0.000000 0.000000 1.000000 0.000000
0.000000 0.000000 0.000000 1.000000
BoneName: mixamorig:LeftHand_$AssimpFbx$_Rotation
BoneIndex: 83
BoneParentIndex: 82
BoneChildrenCount: 1
10
1.000000 0.000000 -0.000000 0.000000
0.000000 1.000000 -0.000000 0.000000
-0.000000 -0.000000 1.000000 -0.000000
0.000000 0.000000 -0.000000 1.000000
1.000000 0.000000 0.000000 0.000000
0.000000 1.000000 0.000000 0.000000
0.000000 0.000000 1.000000 0.000000
0.000000 0.000000 0.000000 1.000000
BoneName: mixamorig:LeftHandThumb1_$AssimpFbx$_Translation
BoneIndex: 84
BoneParentIndex: 10
BoneChildrenCount: 1
85
1.000000 0.000000 -0.000000 0.000000
0.000000 1.000000 -0.000000 0.000000
-0.000000 -0.000000 1.000000 -0.000000
-0.029633 0.036218 -0.014994 1.000000
1.000000 0.000000 0.000000 0.000000
0.000000 1.000000 0.000000 0.000000
0.000000 0.000000 1.000000 0.000000
0.000000 0.000000 0.000000 1.000000
BoneName: mixamorig:LeftHandThumb1_$AssimpFbx$_PreRotation
BoneIndex: 85
BoneParentIndex: 84
BoneChildrenCount: 1
86
0.859770 0.510682 -0.000000 0.000000
-0.485813 0.817900 -0.308262 0.000000
-0.157424 0.265035 0.951301 -0.000000
0.000000 0.000000 -0.000000 1.000000
1.000000 0.000000 0.000000 0.000000
0.000000 1.000000 0.000000 0.000000
0.000000 0.000000 1.000000 0.000000
0.000000 0.000000 0.000000 1.000000
BoneName: mixamorig:LeftHandThumb1_$AssimpFbx$_Rotation
BoneIndex: 86
BoneParentIndex: 85
BoneChildrenCount: 1
11
1.000000 0.000000 -0.000000 0.000000
0.000000 1.000000 -0.000000 0.000000
-0.000000 -0.000000 1.000000 -0.000000
0.000000 0.000000 -0.000000 1.000000
1.000000 0.000000 0.000000 0.000000
0.000000 1.000000 0.000000 0.000000
0.000000 0.000000 1.000000 0.000000
0.000000 0.000000 0.000000 1.000000
BoneName: mixamorig:LeftHandThumb2_$AssimpFbx$_Translation
BoneIndex: 87
BoneParentIndex: 11
BoneChildrenCount: 1
88
1.000000 0.000000 -0.000000 0.000000
0.000000 1.000000 -0.000000 0.000000
-0.000000 -0.000000 1.000000 -0.000000
-0.005585 0.038913 0.000000 1.000000
1.000000 0.000000 0.000000 0.000000
0.000000 1.000000 0.000000 0.000000
0.000000 0.000000 1.000000 0.000000
0.000000 0.000000 0.000000 1.000000
BoneName: mixamorig:LeftHandThumb2_$AssimpFbx$_PreRotation
BoneIndex: 88
BoneParentIndex: 87
BoneChildrenCount: 1
89
1.000000 0.000000 -0.000000 0.000000
0.000000 0.988488 -0.151301 0.000000
-0.000000 0.151301 0.988488 -0.000000
0.000000 0.000000 -0.000000 1.000000
1.000000 0.000000 0.000000 0.000000
0.000000 1.000000 0.000000 0.000000
0.000000 0.000000 1.000000 0.000000
0.000000 0.000000 0.000000 1.000000
BoneName: mixamorig:LeftHandThumb2_$AssimpFbx$_Rotation
BoneIndex: 89
BoneParentIndex: 88
BoneChildrenCount: 1
12
1.000000 0.000000 -0.000000 0.000000
0.000000 1.000000 -0.000000 0.000000
-0.000000 -0.000000 1.000000 -0.000000
0.000000 0.000000 -0.000000 1.000000
1.000000 0.000000 0.000000 0.000000
0.000000 1.000000 0.000000 0.000000
0.000000 0.000000 1.000000 0.000000
0.000000 0.000000 0.000000 1.000000
BoneName: mixamorig:LeftHandThumb3_$AssimpFbx$_Translation
BoneIndex: 90
BoneParentIndex: 12
BoneChildrenCount: 1
91
1.000000 0.000000 -0.000000 0.000000
0.000000 1.000000 -0.000000 0.000000
-0.000000 -0.000000 1.000000 -0.000000
0.000381 0.031888 -0.000000 1.000000
1.000000 0.000000 0.000000 0.000000
0.000000 1.000000 0.000000 0.000000
0.000000 0.000000 1.000000 0.000000
0.000000 0.000000 0.000000 1.000000
BoneName: mixamorig:LeftHandThumb3_$AssimpFbx$_PreRotation
BoneIndex: 91
BoneParentIndex: 90
BoneChildrenCount: 1
92
1.000000 0.000000 -0.000000 0.000000
0.000000 0.979328 0.202278 0.000000
-0.000000 -0.202278 0.979328 -0.000000
0.000000 0.000000 -0.000000 1.000000
1.000000 0.000000 0.000000 0.000000
0.000000 1.000000 0.000000 0.000000
0.000000 0.000000 1.000000 0.000000
0.000000 0.000000 0.000000 1.000000
BoneName: mixamorig:LeftHandThumb3_$AssimpFbx$_Rotation
BoneIndex: 92
BoneParentIndex: 91
BoneChildrenCount: 1
13
1.000000 0.000000 -0.000000 0.000000
0.000000 1.000000 -0.000000 0.000000
-0.000000 -0.000000 1.000000 -0.000000
0.000000 0.000000 -0.000000 1.000000
1.000000 0.000000 0.000000 0.000000
0.000000 1.000000 0.000000 0.000000
0.000000 0.000000 1.000000 0.000000
0.000000 0.000000 0.000000 1.000000
BoneName: mixamorig:LeftHandIndex1_$AssimpFbx$_Translation
BoneIndex: 93
BoneParentIndex: 10
BoneChildrenCount: 1
94
1.000000 0.000000 -0.000000 0.000000
0.000000 1.000000 -0.000000 0.000000
-0.000000 -0.000000 1.000000 -0.000000
-0.035907 0.108951 0.000933 1.000000
1.000000 0.000000 0.000000 0.000000
0.000000 1.000000 0.000000 0.000000
0.000000 0.000000 1.000000 0.000000
0.000000 0.000000 0.000000 1.000000
BoneName: mixamorig:LeftHandIndex1_$AssimpFbx$_PreRotation
BoneIndex: 94
BoneParentIndex: 93
BoneChildrenCount: 1
95
0.994196 0.107583 -0.000000 0.000000
-0.105686 0.976668 -0.186950 0.000000
-0.020113 0.185865 0.982369 -0.000000
0.000000 0.000000 -0.000000 1.000000
1.000000 0.000000 0.000000 0.000000
0.000000 1.000000 0.000000 0.000000
0.000000 0.000000 1.000000 0.000000
0.000000 0.000000 0.000000 1.000000
BoneName: mixamorig:LeftHandIndex1_$AssimpFbx$_Rotation
BoneIndex: 95
BoneParentIndex: 94
BoneChildrenCount: 1
15
1.000000 0.000000 -0.000000 0.000000
0.000000 1.000000 -0.000000 0.000000
-0.000000 -0.000000 1.000000 -0.000000
0.000000 0.000000 -0.000000 1.000000
1.000000 0.000000 0.000000 0.000000
0.000000 1.000000 0.000000 0.000000
0.000000 0.000000 1.000000 0.000000
0.000000 0.000000 0.000000 1.000000
BoneName: mixamorig:LeftHandIndex2_$AssimpFbx$_Translation
BoneIndex: 96
BoneParentIndex: 15
BoneChildrenCount: 1
97
1.000000 0.000000 -0.000000 0.000000
0.000000 1.000000 -0.000000 0.000000
-0.000000 -0.000000 1.000000 -0.000000
0.000021 0.031575 0.000000 1.000000
1.000000 0.000000 0.000000 0.000000
0.000000 1.000000 0.000000 0.000000
0.000000 0.000000 1.000000 0.000000
0.000000 0.000000 0.000000 1.000000
BoneName: mixamorig:LeftHandIndex2_$AssimpFbx$_PreRotation
BoneIndex: 97
BoneParentIndex: 96
BoneChildrenCount: 1
98
1.000000 0.000000 -0.000000 0.000000
0.000000 1.000000 0.000734 0.000000
-0.000000 -0.000734 1.000000 -0.000000
0.000000 0.000000 -0.000000 1.000000
1.000000 0.000000 0.000000 0.000000
0.000000 1.000000 0.000000 0.000000
0.000000 0.000000 1.000000 0.000000
0.000000 0.000000 0.000000 1.000000
BoneName: mixamorig:LeftHandIndex2_$AssimpFbx$_Rotation
BoneIndex: 98
BoneParentIndex: 97
BoneChildrenCount: 1
16
1.000000 0.000000 -0.000000 0.000000
0.000000 1.000000 -0.000000 0.000000
-0.000000 -0.000000 1.000000 -0.000000
0.000000 0.000000 -0.000000 1.000000
1.000000 0.000000 0.000000 0.000000
0.000000 1.000000 0.000000 0.000000
0.000000 0.000000 1.000000 0.000000
0.000000 0.000000 0.000000 1.000000
BoneName: mixamorig:LeftHandIndex3_$AssimpFbx$_Translation
BoneIndex: 99
BoneParentIndex: 16
BoneChildrenCount: 1
100
1.000000 0.000000 -0.000000 0.000000
0.000000 1.000000 -0.000000 0.000000
-0.000000 -0.000000 1.000000 -0.000000
0.000021 0.030270 0.000000 1.000000
1.000000 0.000000 0.000000 0.000000
0.000000 1.000000 0.000000 0.000000
0.000000 0.000000 1.000000 0.000000
0.000000 0.000000 0.000000 1.000000
BoneName: mixamorig:LeftHandIndex3_$AssimpFbx$_PreRotation
BoneIndex: 100
BoneParentIndex: 99
BoneChildrenCount: 1
101
1.000000 0.000000 -0.000000 0.000000
0.000000 0.998240 -0.059302 0.000000
